98 31
3 30
3 30
3 30
3 30
3 30
3 30
3 30
3 30
3 30
3 30
3 30
3 30
3 30
3 30
3 30
3 30
3 30
3 30
3 30
3 30
3 30
3 30
3 30
3 30
3 30
3 30
3 30
3 30
3 30
3 30
3 30
3 30
3 30
3 30
3 30
3 30
3 30
3 30
3 30
3 30
3 30
3 30
3 30
3 30
3 30
3 30
3 30
3 30
3 30
3 30
3 30
3 30
3 30
3 30
3 30
3 30
3 30
3 30
3 30
3 30
3 30
3 30
3 30
3 30
3 30
3 30
3 30
3 30
3 30
3 30
3 30
3 30
3 30
3 30
3 30
3 30
3 30
3 30
3 30
3 30
3 30
3 30
3 30
3 30
3 30
3 30
3 30
3 30
3 30
3 30
3 30
3 30
3 30
3 30
3 30
3 30
3 30
3 30
1 0.6 0.7810249675906654 1.16619037896906 1.6155494421403511 2.08806130178211 2.570992026436488 3.059411708155671 3.5510561809129406 4.044749683231337 0.5099019513592785 4.50111097397076 0.6403124237432849 0.6 0.7810249675906654 1.16619037896906 1.6155494421403511 2.08806130178211 2.570992026436488 3.059411708155671 3.5510561809129406 4.044749683231337 4.517742799230607 1.0295630140987 4.589117562233506 1.4866068747318506 1.7999999999999998 1.8681541692269403 2.0591260281974 2.3430749027719964 2.690724809414742 3.080584360149872 3.49857113690718 3.935733730830885 4.386342439892261 4.712748667179271 1.96468827043885 4.884669896727925 2.4515301344262523 2.9999999999999996 3.0413812651491097 3.162277660168379 3.3541019662496843 3.605551275463989 3.905124837953327 4.242640687119285 4.6097722286464435 5.0 5.1 2.9427877939124323 5.3535035257296695 3.4365680554879163 4.2 4.2296571965113205 4.317406628984581 4.459820624195552 4.651881339845203 4.887739763939975 5.1613951602255765 5.4671747731346585 5.8 5.640035460881429 3.9319206502674997 5.954829972383762 4.428317965096906 5.4 5.4230987451825 5.491812087098393 5.604462507680822 5.758472019555188 5.950630218724736 6.177378084592201 6.435060217278468 6.7201190465645775 6.293647591023825 4.925444142409901 6.652818951391959 5.4230987451825 7.029224708315989 5.921148537234985 7.420242583635659 6.419501538281614 7.82368199762746 6.918092222571191 8.23771813064759 8.66083136886985 9.091754506144564 9.529428104561156 8.914033879226622 9.972963451251589 9.4 9.413288479590967 9.45304183847718 9.518928511129811 9.610411021387172 9.726767191621274 9.867117106835208 10.03045362882457 10.215674231297708
1 1.16619037896906 0.7810249675906654 0.6 0.7810249675906654 1.16619037896906 1.6155494421403511 2.08806130178211 2.570992026436488 3.059411708155671 1.5033296378372907 3.5014282800023193 1.5524174696260025 1.16619037896906 0.7810249675906654 0.6 0.7810249675906654 1.16619037896906 1.6155494421403511 2.08806130178211 2.570992026436488 3.059411708155671 3.5227829907617076 1.7492855684535902 3.6138621999185303 2.0518284528683193 2.0591260281974 1.8681541692269403 1.7999999999999998 1.8681541692269403 2.0591260281974 2.3430749027719964 2.690724809414742 3.080584360149872 3.49857113690718 3.7696153649941526 2.420743687382041 3.9824615503479754 2.8301943396169813 3.162277660168379 3.0413812651491097 2.9999999999999996 3.0413812651491097 3.162277660168379 3.3541019662496843 3.605551275463989 3.905124837953327 4.242640687119285 4.243819034784589 3.2649655434629015 4.545327270945404 3.716180835212409 4.317406628984581 4.2296571965113205 4.2 4.2296571965113205 4.317406628984581 4.459820624195552 4.651881339845203 4.887739763939975 5.1613951602255765 4.879549159502341 4.178516483155236 5.240229002629561 4.648655719667784 5.491812087098393 5.4230987451825 5.4 5.4230987451825 5.491812087098393 5.604462507680822 5.758472019555188 5.950630218724736 6.177378084592201 5.622277118748239 5.1244511901275835 6.021627686929839 5.604462507680822 6.435060217278468 6.087692502089769 6.860029154456998 6.573431371817919 7.294518489934754 7.061161377563892 7.73692445355388 8.185963596303125 8.640601830891178 9.1 9.025519375637062 9.563472172804186 9.45304183847718 9.413288479590967 9.4 9.413288479590967 9.45304183847718 9.518928511129811 9.610411021387172 9.726767191621274 9.867117106835208
1 2.08806130178211 1.6155494421403511 1.16619037896906 0.7810249675906654 0.6 0.7810249675906654 1.16619037896906 1.6155494421403511 2.08806130178211 2.5019992006393608 2.5019992006393608 2.5317977802344327 2.08806130178211 1.6155494421403511 1.16619037896906 0.7810249675906654 0.6 0.7810249675906654 1.16619037896906 1.6155494421403511 2.08806130178211 2.5317977802344327 2.6570660511172846 2.6570660511172846 2.8653097563788803 2.690724809414742 2.3430749027719964 2.0591260281974 1.8681541692269403 1.7999999999999998 1.8681541692269403 2.0591260281974 2.3430749027719964 2.690724809414742 2.8653097563788803 3.1400636936215163 3.1400636936215163 3.4655446902326914 3.605551275463989 3.3541019662496843 3.162277660168379 3.0413812651491097 2.9999999999999996 3.0413812651491097 3.162277660168379 3.3541019662496843 3.605551275463989 3.4655446902326914 3.8288379438153295 3.8288379438153295 4.220189569201838 4.651881339845203 4.459820624195552 4.317406628984581 4.2296571965113205 4.2 4.2296571965113205 4.317406628984581 4.459820624195552 4.651881339845203 4.220189569201838 4.632493928760188 4.632493928760188 5.060632371551998 5.758472019555188 5.604462507680822 5.491812087098393 5.4230987451825 5.4 5.4230987451825 5.491812087098393 5.604462507680822 5.758472019555188 5.060632371551998 5.500909015790027 5.500909015790027 5.950630218724736 5.950630218724736 6.407807737440318 6.407807737440318 6.870953354520754 6.870953354520754 7.338937252763509 7.338937252763509 7.810889834071404 8.286132994346639 8.764131445842194 9.244457799135654 9.244457799135654 9.610411021387172 9.518928511129811 9.45304183847718 9.413288479590967 9.4 9.413288479590967 9.45304183847718 9.518928511129811 9.610411021387172
1 3.059411708155671 2.570992026436488 2.08806130178211 1.6155494421403511 1.16619037896906 0.7810249675906654 0.6 0.7810249675906654 1.16619037896906 3.5014282800023193 1.5033296378372907 3.5227829907617076 3.059411708155671 2.570992026436488 2.08806130178211 1.6155494421403511 1.16619037896906 0.7810249675906654 0.6 0.7810249675906654 1.16619037896906 1.5524174696260025 3.6138621999185303 1.7492855684535902 3.7696153649941526 3.49857113690718 3.080584360149872 2.690724809414742 2.3430749027719964 2.0591260281974 1.8681541692269403 1.7999999999999998 1.8681541692269403 2.0591260281974 2.0518284528683193 3.9824615503479754 2.420743687382041 4.243819034784589 4.242640687119285 3.905124837953327 3.605551275463989 3.3541019662496843 3.162277660168379 3.0413812651491097 2.9999999999999996 3.0413812651491097 3.162277660168379 2.8301943396169813 4.545327270945404 3.2649655434629015 4.879549159502341 5.1613951602255765 4.887739763939975 4.651881339845203 4.459820624195552 4.317406628984581 4.2296571965113205 4.2 4.2296571965113205 4.317406628984581 3.716180835212409 5.240229002629561 4.178516483155236 5.622277118748239 6.177378084592201 5.950630218724736 5.758472019555188 5.604462507680822 5.491812087098393 5.4230987451825 5.4 5.4230987451825 5.491812087098393 4.648655719667784 6.021627686929839 5.1244511901275835 6.435060217278468 5.604462507680822 6.860029154456998 6.087692502089769 7.294518489934754 6.573431371817919 7.73692445355388 7.061161377563892 7.550496672405068 8.04114419718985 8.532877591996735 9.563472172804186 9.025519375637062 9.867117106835208 9.726767191621274 9.610411021387172 9.518928511129811 9.45304183847718 9.413288479590967 9.4 9.413288479590967 9.45304183847718
1 4.044749683231337 3.5510561809129406 3.059411708155671 2.570992026436488 2.08806130178211 1.6155494421403511 1.16619037896906 0.7810249675906654 0.6 4.50111097397076 0.5099019513592785 4.517742799230607 4.044749683231337 3.5510561809129406 3.059411708155671 2.570992026436488 2.08806130178211 1.6155494421403511 1.16619037896906 0.7810249675906654 0.6 0.6403124237432849 4.589117562233506 1.0295630140987 4.712748667179271 4.386342439892261 3.935733730830885 3.49857113690718 3.080584360149872 2.690724809414742 2.3430749027719964 2.0591260281974 1.8681541692269403 1.7999999999999998 1.4866068747318506 4.884669896727925 1.96468827043885 5.1 5.0 4.6097722286464435 4.242640687119285 3.905124837953327 3.605551275463989 3.3541019662496843 3.162277660168379 3.0413812651491097 2.9999999999999996 2.4515301344262523 5.3535035257296695 2.9427877939124323 5.640035460881429 5.8 5.4671747731346585 5.1613951602255765 4.887739763939975 4.651881339845203 4.459820624195552 4.317406628984581 4.2296571965113205 4.2 3.4365680554879163 5.954829972383762 3.9319206502674997 6.293647591023825 6.7201190465645775 6.435060217278468 6.177378084592201 5.950630218724736 5.758472019555188 5.604462507680822 5.491812087098393 5.4230987451825 5.4 4.428317965096906 6.652818951391959 4.925444142409901 7.029224708315989 5.4230987451825 7.420242583635659 5.921148537234985 7.82368199762746 6.419501538281614 8.23771813064759 6.918092222571191 7.416872656315464 7.9158069708653205 8.414867794564572 9.972963451251589 8.914033879226622 10.215674231297708 10.03045362882457 9.867117106835208 9.726767191621274 9.610411021387172 9.518928511129811 9.45304183847718 9.413288479590967 9.4
1 1.7999999999999998 1.8681541692269403 2.0591260281974 2.3430749027719964 2.690724809414742 3.080584360149872 3.49857113690718 3.935733730830885 4.386342439892261 1.3928388277184118 4.684015371452148 0.9433981132056602 0.5999999999999999 0.7810249675906653 1.16619037896906 1.6155494421403511 2.0880613017821097 2.570992026436488 3.059411708155671 3.5510561809129406 4.044749683231337 4.570557952810575 0.58309518948453 4.509988913511872 0.5385164807134505 0.6000000000000001 0.7810249675906655 1.1661903789690602 1.6155494421403513 2.08806130178211 2.570992026436488 3.059411708155671 3.5510561809129406 4.044749683231337 4.504442251822083 0.8602325267042628 4.5541190146942805 1.3 1.7999999999999998 1.8681541692269403 2.0591260281974 2.3430749027719964 2.690724809414742 3.080584360149872 3.49857113690718 3.935733730830885 4.386342439892261 4.657252408878008 1.7720045146669352 4.810405388322278 2.2561028345356955 3.0 3.0413812651491097 3.1622776601683795 3.3541019662496847 3.605551275463989 3.905124837953327 4.242640687119285 4.6097722286464435 5.0 5.008991914547277 2.7459060435491964 5.24785670536077 3.23882694814033 4.2 4.2296571965113205 4.317406628984581 4.459820624195552 4.651881339845203 4.887739763939975 5.1613951602255765 5.4671747731346585 5.8 5.52177507691141 3.733630940518894 5.825804665451804 4.2296571965113205 6.155485358604957 4.72652091923859 6.5069193939989765 5.223983154643591 6.876772498781678 5.721887800367987 7.262231062146123 7.660939890117922 8.07093550959243 8.490583018850943 7.716216689544171 8.91852005660132 8.2 8.21522975941635 8.260750571225353 8.336066218546971 8.440379138403676 8.572630868059116 8.73155198117723 8.915716460273957 9.123595782365635
1 2.0591260281974 1.8681541692269403 1.7999999999999998 1.8681541692269403 2.0591260281974 2.3430749027719964 2.690724809414742 3.080584360149872 3.49857113690718 1.9849433241279206 3.7336309405188937 1.7 1.16619037896906 0.7810249675906653 0.5999999999999999 0.7810249675906653 1.16619037896906 1.6155494421403511 2.0880613017821097 2.570992026436488 3.059411708155671 3.5902646142032486 1.5297058540778354 3.5128336140500593 1.5132745950421556 1.1661903789690602 0.7810249675906655 0.6000000000000001 0.7810249675906655 1.1661903789690602 1.6155494421403513 2.08806130178211 2.570992026436488 3.059411708155671 3.505709628591621 1.6552945357246849 3.5693136595149495 1.9209372712298547 2.0591260281974 1.8681541692269403 1.7999999999999998 1.8681541692269403 2.0591260281974 2.3430749027719964 2.690724809414742 3.080584360149872 3.49857113690718 3.7 2.2671568097509267 3.891015291668744 2.6627053911388696 3.1622776601683795 3.0413812651491097 3.0 3.0413812651491097 3.1622776601683795 3.3541019662496847 3.605551275463989 3.905124837953327 4.242640687119285 4.1340053217188775 3.0886890422961004 4.420407221060069 3.534119409414459 4.317406628984581 4.2296571965113205 4.2 4.2296571965113205 4.317406628984581 4.459820624195552 4.651881339845203 4.887739763939975 5.1613951602255765 4.742362280551751 3.992492955535426 5.0931326312987375 4.459820624195552 5.4671747731346585 4.933558553417604 5.860034129593445 5.412023651093923 6.268173577685928 5.89406481131655 6.688796603276257 7.119691004531026 7.559100475585703 8.005623023850173 7.844743462982075 8.4581321815162 8.260750571225353 8.21522975941635 8.2 8.21522975941635 8.260750571225353 8.336066218546971 8.440379138403676 8.572630868059116 8.73155198117723
1 2.690724809414742 2.3430749027719964 2.0591260281974 1.8681541692269403 1.7999999999999998 1.8681541692269403 2.0591260281974 2.3430749027719964 2.690724809414742 2.817800560721074 2.817800560721074 2.6248809496813372 2.0880613017821097 1.6155494421403511 1.16619037896906 0.7810249675906653 0.5999999999999999 0.7810249675906653 1.16619037896906 1.6155494421403511 2.0880613017821097 2.6248809496813372 2.5179356624028344 2.5179356624028344 2.5079872407968904 2.08806130178211 1.6155494421403513 1.1661903789690602 0.7810249675906655 0.6000000000000001 0.7810249675906655 1.1661903789690602 1.6155494421403513 2.08806130178211 2.5079872407968904 2.596150997149434 2.596150997149434 2.7730849247724096 2.690724809414742 2.3430749027719964 2.0591260281974 1.8681541692269403 1.7999999999999998 1.8681541692269403 2.0591260281974 2.3430749027719964 2.690724809414742 2.7730849247724096 3.023243291566195 3.023243291566195 3.3301651610693423 3.605551275463989 3.3541019662496847 3.1622776601683795 3.0413812651491097 3.0 3.0413812651491097 3.1622776601683795 3.3541019662496847 3.605551275463989 3.3301651610693423 3.67967389859482 3.67967389859482 4.060788100849391 4.651881339845203 4.459820624195552 4.317406628984581 4.2296571965113205 4.2 4.2296571965113205 4.317406628984581 4.459820624195552 4.651881339845203 4.060788100849391 4.465422712353221 4.465422712353221 4.887739763939975 4.887739763939975 5.323532661682466 5.323532661682466 5.769748694700663 5.769748694700663 6.224146527838174 6.224146527838174 6.685057965343308 7.15122367151245 7.621679604916491 8.095677859203638 8.095677859203638 8.440379138403676 8.336066218546971 8.260750571225353 8.21522975941635 8.2 8.21522975941635 8.260750571225353 8.336066218546971 8.440379138403676
1 3.49857113690718 3.080584360149872 2.690724809414742 2.3430749027719964 2.0591260281974 1.8681541692269403 1.7999999999999998 1.8681541692269403 2.0591260281974 3.7336309405188937 1.9849433241279206 3.5902646142032486 3.059411708155671 2.570992026436488 2.0880613017821097 1.6155494421403511 1.16619037896906 0.7810249675906653 0.5999999999999999 0.7810249675906653 1.16619037896906 1.7 3.5128336140500593 1.5297058540778354 3.505709628591621 3.059411708155671 2.570992026436488 2.08806130178211 1.6155494421403513 1.1661903789690602 0.7810249675906655 0.6000000000000001 0.7810249675906655 1.1661903789690602 1.5132745950421556 3.5693136595149495 1.6552945357246849 3.7 3.49857113690718 3.080584360149872 2.690724809414742 2.3430749027719964 2.0591260281974 1.8681541692269403 1.7999999999999998 1.8681541692269403 2.0591260281974 1.9209372712298547 3.891015291668744 2.2671568097509267 4.1340053217188775 4.242640687119285 3.905124837953327 3.605551275463989 3.3541019662496847 3.1622776601683795 3.0413812651491097 3.0 3.0413812651491097 3.1622776601683795 2.6627053911388696 4.420407221060069 3.0886890422961004 4.742362280551751 5.1613951602255765 4.887739763939975 4.651881339845203 4.459820624195552 4.317406628984581 4.2296571965113205 4.2 4.2296571965113205 4.317406628984581 3.534119409414459 5.0931326312987375 3.992492955535426 5.4671747731346585 4.459820624195552 5.860034129593445 4.933558553417604 6.268173577685928 5.412023651093923 6.688796603276257 5.89406481131655 6.378871373526825 6.865857557508749 7.354590403278758 8.4581321815162 7.844743462982075 8.73155198117723 8.572630868059116 8.440379138403676 8.336066218546971 8.260750571225353 8.21522975941635 8.2 8.21522975941635 8.260750571225353
1 4.386342439892261 3.935733730830885 3.49857113690718 3.080584360149872 2.690724809414742 2.3430749027719964 2.0591260281974 1.8681541692269403 1.7999999999999998 4.684015371452148 1.3928388277184118 4.570557952810575 4.044749683231337 3.5510561809129406 3.059411708155671 2.570992026436488 2.0880613017821097 1.6155494421403511 1.16619037896906 0.7810249675906653 0.5999999999999999 0.9433981132056602 4.509988913511872 0.58309518948453 4.504442251822083 4.044749683231337 3.5510561809129406 3.059411708155671 2.570992026436488 2.08806130178211 1.6155494421403513 1.1661903789690602 0.7810249675906655 0.6000000000000001 0.5385164807134505 4.5541190146942805 0.8602325267042628 4.657252408878008 4.386342439892261 3.935733730830885 3.49857113690718 3.080584360149872 2.690724809414742 2.3430749027719964 2.0591260281974 1.8681541692269403 1.7999999999999998 1.3 4.810405388322278 1.7720045146669352 5.008991914547277 5.0 4.6097722286464435 4.242640687119285 3.905124837953327 3.605551275463989 3.3541019662496847 3.1622776601683795 3.0413812651491097 3.0 2.2561028345356955 5.24785670536077 2.7459060435491964 5.52177507691141 5.8 5.4671747731346585 5.1613951602255765 4.887739763939975 4.651881339845203 4.459820624195552 4.317406628984581 4.2296571965113205 4.2 3.23882694814033 5.825804665451804 3.733630940518894 6.155485358604957 4.2296571965113205 6.5069193939989765 4.72652091923859 6.876772498781678 5.223983154643591 7.262231062146123 5.721887800367987 6.220128616033595 6.71863081289633 7.217340230306453 8.91852005660132 7.716216689544171 9.123595782365635 8.915716460273957 8.73155198117723 8.572630868059116 8.440379138403676 8.336066218546971 8.260750571225353 8.21522975941635 8.2
1 3.0 3.0413812651491097 3.1622776601683795 3.3541019662496847 3.605551275463989 3.905124837953327 4.242640687119285 4.6097722286464435 5.0 2.5495097567963922 5.1478150704935 2.0615528128088303 1.8 1.8681541692269406 2.0591260281974 2.3430749027719964 2.6907248094147422 3.0805843601498726 3.4985711369071804 3.9357337308308855 4.386342439892262 4.924428900898052 1.5811388300841898 4.743416490252569 1.118033988749895 0.6000000000000001 0.7810249675906655 1.1661903789690602 1.6155494421403513 2.08806130178211 2.570992026436488 3.059411708155671 3.5510561809129406 4.044749683231337 4.6097722286464435 0.7071067811865476 4.527692569068709 0.5 0.5999999999999996 0.7810249675906652 1.16619037896906 1.6155494421403511 2.0880613017821097 2.570992026436488 3.059411708155671 3.5510561809129406 4.044749683231337 4.5 0.7071067811865476 4.527692569068709 1.118033988749895 1.7999999999999998 1.8681541692269403 2.0591260281974 2.3430749027719964 2.690724809414742 3.080584360149872 3.49857113690718 3.935733730830885 4.386342439892261 4.6097722286464435 1.5811388300841898 4.743416490252569 2.0615528128088303 3.0 3.0413812651491097 3.1622776601683795 3.3541019662496847 3.605551275463989 3.905124837953327 4.242640687119285 4.6097722286464435 5.0 4.924428900898052 2.5495097567963922 5.1478150704935 3.0413812651491097 5.408326913195984 3.5355339059327378 5.70087712549569 4.031128874149275 6.020797289396148 4.527692569068709 6.363961030678928 6.726812023536855 7.106335201775948 7.5 6.519202405202649 7.905694150420948 7.0 7.0178344238090995 7.0710678118654755 7.158910531638177 7.280109889280518 7.433034373659253 7.615773105863909 7.826237921249264 8.06225774829855
1 3.1622776601683795 3.0413812651491097 3.0 3.0413812651491097 3.1622776601683795 3.3541019662496847 3.605551275463989 3.905124837953327 4.242640687119285 2.9154759474226504 4.301162633521313 2.5 2.0591260281974 1.8681541692269406 1.8 1.8681541692269406 2.0591260281974 2.3430749027719964 2.6907248094147422 3.0805843601498726 3.4985711369071804 4.031128874149275 2.1213203435596424 3.8078865529319543 1.8027756377319946 1.1661903789690602 0.7810249675906655 0.6000000000000001 0.7810249675906655 1.1661903789690602 1.6155494421403513 2.08806130178211 2.570992026436488 3.059411708155671 3.640054944640259 1.5811388300841898 3.5355339059327378 1.5 1.16619037896906 0.7810249675906652 0.5999999999999996 0.7810249675906652 1.16619037896906 1.6155494421403511 2.0880613017821097 2.570992026436488 3.059411708155671 3.5 1.5811388300841898 3.5355339059327378 1.8027756377319946 2.0591260281974 1.8681541692269403 1.7999999999999998 1.8681541692269403 2.0591260281974 2.3430749027719964 2.690724809414742 3.080584360149872 3.49857113690718 3.640054944640259 2.1213203435596424 3.8078865529319543 2.5 3.1622776601683795 3.0413812651491097 3.0 3.0413812651491097 3.1622776601683795 3.3541019662496847 3.605551275463989 3.905124837953327 4.242640687119285 4.031128874149275 2.9154759474226504 4.301162633521313 3.3541019662496847 4.6097722286464435 3.8078865529319543 4.949747468305833 4.272001872658765 5.315072906367325 4.743416490252569 5.70087712549569 6.103277807866851 6.519202405202649 6.946221994724902 6.670832032063167 7.3824115301167 7.0710678118654755 7.0178344238090995 7.0 7.0178344238090995 7.0710678118654755 7.158910531638177 7.280109889280518 7.433034373659253 7.615773105863909
1 3.605551275463989 3.3541019662496847 3.1622776601683795 3.0413812651491097 3.0 3.0413812651491097 3.1622776601683795 3.3541019662496847 3.605551275463989 3.5355339059327378 3.5355339059327378 3.2015621187164243 2.6907248094147422 2.3430749027719964 2.0591260281974 1.8681541692269406 1.8 1.8681541692269406 2.0591260281974 2.3430749027719964 2.6907248094147422 3.2015621187164243 2.9154759474226504 2.9154759474226504 2.692582403567252 2.08806130178211 1.6155494421403513 1.1661903789690602 0.7810249675906655 0.6000000000000001 0.7810249675906655 1.1661903789690602 1.6155494421403513 2.08806130178211 2.692582403567252 2.5495097567963922 2.5495097567963922 2.5 2.0880613017821097 1.6155494421403511 1.16619037896906 0.7810249675906652 0.5999999999999996 0.7810249675906652 1.16619037896906 1.6155494421403511 2.0880613017821097 2.5 2.5495097567963922 2.5495097567963922 2.692582403567252 2.690724809414742 2.3430749027719964 2.0591260281974 1.8681541692269403 1.7999999999999998 1.8681541692269403 2.0591260281974 2.3430749027719964 2.690724809414742 2.692582403567252 2.9154759474226504 2.9154759474226504 3.2015621187164243 3.605551275463989 3.3541019662496847 3.1622776601683795 3.0413812651491097 3.0 3.0413812651491097 3.1622776601683795 3.3541019662496847 3.605551275463989 3.2015621187164243 3.5355339059327378 3.5355339059327378 3.905124837953327 3.905124837953327 4.301162633521313 4.301162633521313 4.716990566028302 4.716990566028302 5.1478150704935 5.1478150704935 5.5901699437494745 6.041522986797286 6.5 6.96419413859206 6.96419413859206 7.280109889280518 7.158910531638177 7.0710678118654755 7.0178344238090995 7.0 7.0178344238090995 7.0710678118654755 7.158910531638177 7.280109889280518
1 4.242640687119285 3.905124837953327 3.605551275463989 3.3541019662496847 3.1622776601683795 3.0413812651491097 3.0 3.0413812651491097 3.1622776601683795 4.301162633521313 2.9154759474226504 4.031128874149275 3.4985711369071804 3.0805843601498726 2.6907248094147422 2.3430749027719964 2.0591260281974 1.8681541692269406 1.8 1.8681541692269406 2.0591260281974 2.5 3.8078865529319543 2.1213203435596424 3.640054944640259 3.059411708155671 2.570992026436488 2.08806130178211 1.6155494421403513 1.1661903789690602 0.7810249675906655 0.6000000000000001 0.7810249675906655 1.1661903789690602 1.8027756377319946 3.5355339059327378 1.5811388300841898 3.5 3.059411708155671 2.570992026436488 2.0880613017821097 1.6155494421403511 1.16619037896906 0.7810249675906652 0.5999999999999996 0.7810249675906652 1.16619037896906 1.5 3.5355339059327378 1.5811388300841898 3.640054944640259 3.49857113690718 3.080584360149872 2.690724809414742 2.3430749027719964 2.0591260281974 1.8681541692269403 1.7999999999999998 1.8681541692269403 2.0591260281974 1.8027756377319946 3.8078865529319543 2.1213203435596424 4.031128874149275 4.242640687119285 3.905124837953327 3.605551275463989 3.3541019662496847 3.1622776601683795 3.0413812651491097 3.0 3.0413812651491097 3.1622776601683795 2.5 4.301162633521313 2.9154759474226504 4.6097722286464435 3.3541019662496847 4.949747468305833 3.8078865529319543 5.315072906367325 4.272001872658765 5.70087712549569 4.743416490252569 5.220153254455275 5.70087712549569 6.18465843842649 7.3824115301167 6.670832032063167 7.615773105863909 7.433034373659253 7.280109889280518 7.158910531638177 7.0710678118654755 7.0178344238090995 7.0 7.0178344238090995 7.0710678118654755
1 5.0 4.6097722286464435 4.242640687119285 3.905124837953327 3.605551275463989 3.3541019662496847 3.1622776601683795 3.0413812651491097 3.0 5.1478150704935 2.5495097567963922 4.924428900898052 4.386342439892262 3.9357337308308855 3.4985711369071804 3.0805843601498726 2.6907248094147422 2.3430749027719964 2.0591260281974 1.8681541692269406 1.8 2.0615528128088303 4.743416490252569 1.5811388300841898 4.6097722286464435 4.044749683231337 3.5510561809129406 3.059411708155671 2.570992026436488 2.08806130178211 1.6155494421403513 1.1661903789690602 0.7810249675906655 0.6000000000000001 1.118033988749895 4.527692569068709 0.7071067811865476 4.5 4.044749683231337 3.5510561809129406 3.059411708155671 2.570992026436488 2.0880613017821097 1.6155494421403511 1.16619037896906 0.7810249675906652 0.5999999999999996 0.5 4.527692569068709 0.7071067811865476 4.6097722286464435 4.386342439892261 3.935733730830885 3.49857113690718 3.080584360149872 2.690724809414742 2.3430749027719964 2.0591260281974 1.8681541692269403 1.7999999999999998 1.118033988749895 4.743416490252569 1.5811388300841898 4.924428900898052 5.0 4.6097722286464435 4.242640687119285 3.905124837953327 3.605551275463989 3.3541019662496847 3.1622776601683795 3.0413812651491097 3.0 2.0615528128088303 5.1478150704935 2.5495097567963922 5.408326913195984 3.0413812651491097 5.70087712549569 3.5355339059327378 6.020797289396148 4.031128874149275 6.363961030678928 4.527692569068709 5.024937810560445 5.522680508593631 6.020797289396148 7.905694150420948 6.519202405202649 8.06225774829855 7.826237921249264 7.615773105863909 7.433034373659253 7.280109889280518 7.158910531638177 7.0710678118654755 7.0178344238090995 7.0
1 4.2 4.2296571965113205 4.317406628984581 4.459820624195552 4.651881339845203 4.887739763939975 5.1613951602255765 5.4671747731346585 5.8 3.733630940518894 5.825804665451804 3.23882694814033 3.0 3.0413812651491097 3.1622776601683795 3.3541019662496847 3.605551275463989 3.905124837953327 4.242640687119285 4.6097722286464435 5.0 5.52177507691141 2.7459060435491964 5.24785670536077 2.2561028345356955 1.8000000000000003 1.8681541692269408 2.0591260281974004 2.3430749027719964 2.6907248094147422 3.080584360149873 3.4985711369071804 3.9357337308308855 4.386342439892262 5.008991914547277 1.7720045146669352 4.810405388322278 1.3 0.6000000000000005 0.7810249675906659 1.1661903789690604 1.6155494421403513 2.08806130178211 2.570992026436488 3.0594117081556713 3.551056180912941 4.044749683231337 4.657252408878008 0.8602325267042628 4.5541190146942805 0.5385164807134505 0.5999999999999996 0.7810249675906652 1.16619037896906 1.6155494421403511 2.0880613017821097 2.570992026436488 3.059411708155671 3.5510561809129406 4.044749683231337 4.504442251822083 0.58309518948453 4.509988913511872 0.9433981132056602 1.7999999999999998 1.8681541692269403 2.0591260281974 2.3430749027719964 2.690724809414742 3.080584360149872 3.49857113690718 3.935733730830885 4.386342439892261 4.570557952810575 1.3928388277184118 4.684015371452148 1.8681541692269403 4.846648326421054 2.3537204591879637 5.053711507397311 2.8442925306655784 5.3 3.337663853655727 5.580322571321482 5.8898217290508885 6.224146527838174 6.579513659838392 5.323532661682466 6.952697318307479 5.8 5.821511831131154 5.885575587824865 5.990826320300064 6.135144660071187 6.315853069855251 6.529931086925803 6.774215821775979 7.045565981523415
1 4.317406628984581 4.2296571965113205 4.2 4.2296571965113205 4.317406628984581 4.459820624195552 4.651881339845203 4.887739763939975 5.1613951602255765 3.992492955535426 5.0931326312987375 3.534119409414459 3.1622776601683795 3.0413812651491097 3.0 3.0413812651491097 3.1622776601683795 3.3541019662496847 3.605551275463989 3.905124837953327 4.242640687119285 4.742362280551751 3.0886890422961004 4.420407221060069 2.6627053911388696 2.0591260281974004 1.8681541692269408 1.8000000000000003 1.8681541692269408 2.0591260281974004 2.3430749027719964 2.6907248094147422 3.080584360149873 3.4985711369071804 4.1340053217188775 2.2671568097509267 3.891015291668744 1.9209372712298547 1.1661903789690604 0.7810249675906659 0.6000000000000005 0.7810249675906659 1.1661903789690604 1.6155494421403513 2.08806130178211 2.570992026436488 3.0594117081556713 3.7 1.6552945357246849 3.5693136595149495 1.5132745950421556 1.16619037896906 0.7810249675906652 0.5999999999999996 0.7810249675906652 1.16619037896906 1.6155494421403511 2.0880613017821097 2.570992026436488 3.059411708155671 3.505709628591621 1.5297058540778354 3.5128336140500593 1.7 2.0591260281974 1.8681541692269403 1.7999999999999998 1.8681541692269403 2.0591260281974 2.3430749027719964 2.690724809414742 3.080584360149872 3.49857113690718 3.5902646142032486 1.9849433241279206 3.7336309405188937 2.3430749027719964 3.935733730830885 2.745906043549196 4.188078318274385 3.176476034853718 4.4821869662029945 3.6249137920783716 4.810405388322278 5.166236541235795 5.544366510251645 5.940538696111658 5.508175741568165 6.351377803280167 5.885575587824865 5.821511831131154 5.8 5.821511831131154 5.885575587824865 5.990826320300064 6.135144660071187 6.315853069855251 6.529931086925803
1 4.651881339845203 4.459820624195552 4.317406628984581 4.2296571965113205 4.2 4.2296571965113205 4.317406628984581 4.459820624195552 4.651881339845203 4.465422712353221 4.465422712353221 4.060788100849391 3.605551275463989 3.3541019662496847 3.1622776601683795 3.0413812651491097 3.0 3.0413812651491097 3.1622776601683795 3.3541019662496847 3.605551275463989 4.060788100849391 3.67967389859482 3.67967389859482 3.3301651610693423 2.6907248094147422 2.3430749027719964 2.0591260281974004 1.8681541692269408 1.8000000000000003 1.8681541692269408 2.0591260281974004 2.3430749027719964 2.6907248094147422 3.3301651610693423 3.023243291566195 3.023243291566195 2.7730849247724096 2.08806130178211 1.6155494421403513 1.1661903789690604 0.7810249675906659 0.6000000000000005 0.7810249675906659 1.1661903789690604 1.6155494421403513 2.08806130178211 2.7730849247724096 2.596150997149434 2.596150997149434 2.5079872407968904 2.0880613017821097 1.6155494421403511 1.16619037896906 0.7810249675906652 0.5999999999999996 0.7810249675906652 1.16619037896906 1.6155494421403511 2.0880613017821097 2.5079872407968904 2.5179356624028344 2.5179356624028344 2.6248809496813372 2.690724809414742 2.3430749027719964 2.0591260281974 1.8681541692269403 1.7999999999999998 1.8681541692269403 2.0591260281974 2.3430749027719964 2.690724809414742 2.6248809496813372 2.817800560721074 2.817800560721074 3.080584360149872 3.080584360149872 3.3970575502926055 3.3970575502926055 3.753664875824692 3.753664875824692 4.1400483088968905 4.1400483088968905 4.548626166217663 4.973932046178355 5.412023651093923 5.860034129593445 5.860034129593445 6.135144660071187 5.990826320300064 5.885575587824865 5.821511831131154 5.8 5.821511831131154 5.885575587824865 5.990826320300064 6.135144660071187
1 5.1613951602255765 4.887739763939975 4.651881339845203 4.459820624195552 4.317406628984581 4.2296571965113205 4.2 4.2296571965113205 4.317406628984581 5.0931326312987375 3.992492955535426 4.742362280551751 4.242640687119285 3.905124837953327 3.605551275463989 3.3541019662496847 3.1622776601683795 3.0413812651491097 3.0 3.0413812651491097 3.1622776601683795 3.534119409414459 4.420407221060069 3.0886890422961004 4.1340053217188775 3.4985711369071804 3.080584360149873 2.6907248094147422 2.3430749027719964 2.0591260281974004 1.8681541692269408 1.8000000000000003 1.8681541692269408 2.0591260281974004 2.6627053911388696 3.891015291668744 2.2671568097509267 3.7 3.0594117081556713 2.570992026436488 2.08806130178211 1.6155494421403513 1.1661903789690604 0.7810249675906659 0.6000000000000005 0.7810249675906659 1.1661903789690604 1.9209372712298547 3.5693136595149495 1.6552945357246849 3.505709628591621 3.059411708155671 2.570992026436488 2.0880613017821097 1.6155494421403511 1.16619037896906 0.7810249675906652 0.5999999999999996 0.7810249675906652 1.16619037896906 1.5132745950421556 3.5128336140500593 1.5297058540778354 3.5902646142032486 3.49857113690718 3.080584360149872 2.690724809414742 2.3430749027719964 2.0591260281974 1.8681541692269403 1.7999999999999998 1.8681541692269403 2.0591260281974 1.7 3.7336309405188937 1.9849433241279206 3.935733730830885 2.3430749027719964 4.188078318274385 2.745906043549196 4.4821869662029945 3.176476034853718 4.810405388322278 3.6249137920783716 4.085339643163099 4.55411901469428 5.028916384272063 6.351377803280167 5.508175741568165 6.529931086925803 6.315853069855251 6.135144660071187 5.990826320300064 5.885575587824865 5.821511831131154 5.8 5.821511831131154 5.885575587824865
1 5.8 5.4671747731346585 5.1613951602255765 4.887739763939975 4.651881339845203 4.459820624195552 4.317406628984581 4.2296571965113205 4.2 5.825804665451804 3.733630940518894 5.52177507691141 5.0 4.6097722286464435 4.242640687119285 3.905124837953327 3.605551275463989 3.3541019662496847 3.1622776601683795 3.0413812651491097 3.0 3.23882694814033 5.24785670536077 2.7459060435491964 5.008991914547277 4.386342439892262 3.9357337308308855 3.4985711369071804 3.080584360149873 2.6907248094147422 2.3430749027719964 2.0591260281974004 1.8681541692269408 1.8000000000000003 2.2561028345356955 4.810405388322278 1.7720045146669352 4.657252408878008 4.044749683231337 3.551056180912941 3.0594117081556713 2.570992026436488 2.08806130178211 1.6155494421403513 1.1661903789690604 0.7810249675906659 0.6000000000000005 1.3 4.5541190146942805 0.8602325267042628 4.504442251822083 4.044749683231337 3.5510561809129406 3.059411708155671 2.570992026436488 2.0880613017821097 1.6155494421403511 1.16619037896906 0.7810249675906652 0.5999999999999996 0.5385164807134505 4.509988913511872 0.58309518948453 4.570557952810575 4.386342439892261 3.935733730830885 3.49857113690718 3.080584360149872 2.690724809414742 2.3430749027719964 2.0591260281974 1.8681541692269403 1.7999999999999998 0.9433981132056602 4.684015371452148 1.3928388277184118 4.846648326421054 1.8681541692269403 5.053711507397311 2.3537204591879637 5.3 2.8442925306655784 5.580322571321482 3.337663853655727 3.83275357934736 4.328972164382672 4.825971404805461 6.952697318307479 5.323532661682466 7.045565981523415 6.774215821775979 6.529931086925803 6.315853069855251 6.135144660071187 5.990826320300064 5.885575587824865 5.821511831131154 5.8
1 5.4 5.4230987451825 5.491812087098393 5.604462507680822 5.758472019555188 5.950630218724736 6.177378084592201 6.435060217278468 6.7201190465645775 4.925444142409901 6.652818951391959 4.428317965096906 4.2 4.2296571965113205 4.317406628984581 4.459820624195552 4.651881339845203 4.887739763939975 5.1613951602255765 5.4671747731346585 5.8 6.293647591023825 3.9319206502675 5.954829972383762 3.4365680554879168 3.0000000000000004 3.0413812651491106 3.16227766016838 3.354101966249685 3.6055512754639896 3.9051248379533274 4.242640687119286 4.609772228646444 5.0 5.64003546088143 2.9427877939124327 5.3535035257296695 2.451530134426253 1.8000000000000007 1.868154169226941 2.0591260281974004 2.343074902771997 2.6907248094147422 3.080584360149873 3.4985711369071804 3.9357337308308855 4.386342439892262 5.1000000000000005 1.9646882704388504 4.884669896727925 1.4866068747318508 0.6000000000000005 0.7810249675906659 1.1661903789690604 1.6155494421403513 2.08806130178211 2.570992026436488 3.0594117081556713 3.551056180912941 4.044749683231337 4.712748667179271 1.0295630140987002 4.589117562233507 0.6403124237432851 0.5999999999999996 0.7810249675906652 1.16619037896906 1.6155494421403511 2.0880613017821097 2.570992026436488 3.059411708155671 3.5510561809129406 4.044749683231337 4.517742799230607 0.5099019513592784 4.50111097397076 0.7810249675906652 4.539823785126467 1.2083045973594568 4.632493928760188 1.6763054614240207 4.775981574503821 2.15870331449229 4.965883607174054 5.197114584074513 5.4644304369257 5.762811813689563 4.1303752856126765 6.087692502089769 4.6 4.62709412050371 4.707440918375927 4.838388161361178 5.015974481593781 5.235456045083369 5.491812087098392 5.78013840664737 6.095900261651268
1 5.491812087098393 5.4230987451825 5.4 5.4230987451825 5.491812087098393 5.604462507680822 5.758472019555188 5.950630218724736 6.177378084592201 5.1244511901275835 6.021627686929839 4.648655719667784 4.317406628984581 4.2296571965113205 4.2 4.2296571965113205 4.317406628984581 4.459820624195552 4.651881339845203 4.887739763939975 5.1613951602255765 5.622277118748239 4.178516483155236 5.240229002629561 3.7161808352124095 3.16227766016838 3.0413812651491106 3.0000000000000004 3.0413812651491106 3.16227766016838 3.354101966249685 3.6055512754639896 3.9051248379533274 4.242640687119286 4.879549159502341 3.264965543462902 4.545327270945405 2.8301943396169813 2.0591260281974004 1.868154169226941 1.8000000000000007 1.868154169226941 2.0591260281974004 2.343074902771997 2.6907248094147422 3.080584360149873 3.4985711369071804 4.243819034784589 2.420743687382041 3.9824615503479754 2.0518284528683193 1.1661903789690604 0.7810249675906659 0.6000000000000005 0.7810249675906659 1.1661903789690604 1.6155494421403513 2.08806130178211 2.570992026436488 3.0594117081556713 3.769615364994153 1.7492855684535902 3.6138621999185303 1.5524174696260025 1.16619037896906 0.7810249675906652 0.5999999999999996 0.7810249675906652 1.16619037896906 1.6155494421403511 2.0880613017821097 2.570992026436488 3.059411708155671 3.5227829907617076 1.5033296378372907 3.5014282800023193 1.6155494421403511 3.5510561809129406 1.8601075237738272 3.6687872655688283 2.1931712199461306 3.8483762809787714 2.580697580112788 4.08166632639171 4.360045871318328 4.675467891024383 5.020956084253276 4.365775990588615 5.390732788777422 4.707440918375927 4.62709412050371 4.6 4.62709412050371 4.707440918375927 4.838388161361178 5.015974481593781 5.235456045083369 5.491812087098392
1 5.758472019555188 5.604462507680822 5.491812087098393 5.4230987451825 5.4 5.4230987451825 5.491812087098393 5.604462507680822 5.758472019555188 5.500909015790027 5.500909015790027 5.060632371551998 4.651881339845203 4.459820624195552 4.317406628984581 4.2296571965113205 4.2 4.2296571965113205 4.317406628984581 4.459820624195552 4.651881339845203 5.060632371551998 4.632493928760188 4.632493928760188 4.220189569201839 3.6055512754639896 3.354101966249685 3.16227766016838 3.0413812651491106 3.0000000000000004 3.0413812651491106 3.16227766016838 3.354101966249685 3.6055512754639896 4.220189569201839 3.8288379438153295 3.8288379438153295 3.4655446902326914 2.6907248094147422 2.343074902771997 2.0591260281974004 1.868154169226941 1.8000000000000007 1.868154169226941 2.0591260281974004 2.343074902771997 2.6907248094147422 3.4655446902326914 3.1400636936215167 3.1400636936215167 2.8653097563788807 2.08806130178211 1.6155494421403513 1.1661903789690604 0.7810249675906659 0.6000000000000005 0.7810249675906659 1.1661903789690604 1.6155494421403513 2.08806130178211 2.8653097563788807 2.6570660511172846 2.6570660511172846 2.5317977802344327 2.0880613017821097 1.6155494421403511 1.16619037896906 0.7810249675906652 0.5999999999999996 0.7810249675906652 1.16619037896906 1.6155494421403511 2.0880613017821097 2.5317977802344327 2.5019992006393608 2.5019992006393608 2.570992026436488 2.570992026436488 2.7313000567495322 2.7313000567495322 2.9681644159311658 2.9681644159311658 3.2649655434629015 3.2649655434629015 3.6069377593742864 3.982461550347975 4.382921400162225 4.802082881417188 4.802082881417188 5.015974481593781 4.838388161361178 4.707440918375927 4.62709412050371 4.6 4.62709412050371 4.707440918375927 4.838388161361178 5.015974481593781
1 6.177378084592201 5.950630218724736 5.758472019555188 5.604462507680822 5.491812087098393 5.4230987451825 5.4 5.4230987451825 5.491812087098393 6.021627686929839 5.1244511901275835 5.622277118748239 5.1613951602255765 4.887739763939975 4.651881339845203 4.459820624195552 4.317406628984581 4.2296571965113205 4.2 4.2296571965113205 4.317406628984581 4.648655719667784 5.240229002629561 4.178516483155236 4.879549159502341 4.242640687119286 3.9051248379533274 3.6055512754639896 3.354101966249685 3.16227766016838 3.0413812651491106 3.0000000000000004 3.0413812651491106 3.16227766016838 3.7161808352124095 4.545327270945405 3.264965543462902 4.243819034784589 3.4985711369071804 3.080584360149873 2.6907248094147422 2.343074902771997 2.0591260281974004 1.868154169226941 1.8000000000000007 1.868154169226941 2.0591260281974004 2.8301943396169813 3.9824615503479754 2.420743687382041 3.769615364994153 3.0594117081556713 2.570992026436488 2.08806130178211 1.6155494421403513 1.1661903789690604 0.7810249675906659 0.6000000000000005 0.7810249675906659 1.1661903789690604 2.0518284528683193 3.6138621999185303 1.7492855684535902 3.5227829907617076 3.059411708155671 2.570992026436488 2.0880613017821097 1.6155494421403511 1.16619037896906 0.7810249675906652 0.5999999999999996 0.7810249675906652 1.16619037896906 1.5524174696260025 3.5014282800023193 1.5033296378372907 3.5510561809129406 1.6155494421403511 3.6687872655688283 1.8601075237738272 3.8483762809787714 2.1931712199461306 4.08166632639171 2.580697580112788 3.0016662039607267 3.4438350715445125 3.8999999999999995 5.390732788777422 4.365775990588615 5.491812087098392 5.235456045083369 5.015974481593781 4.838388161361178 4.707440918375927 4.62709412050371 4.6 4.62709412050371 4.707440918375927
1 6.7201190465645775 6.435060217278468 6.177378084592201 5.950630218724736 5.758472019555188 5.604462507680822 5.491812087098393 5.4230987451825 5.4 6.652818951391959 4.925444142409901 6.293647591023825 5.8 5.4671747731346585 5.1613951602255765 4.887739763939975 4.651881339845203 4.459820624195552 4.317406628984581 4.2296571965113205 4.2 4.428317965096906 5.954829972383762 3.9319206502675 5.64003546088143 5.0 4.609772228646444 4.242640687119286 3.9051248379533274 3.6055512754639896 3.354101966249685 3.16227766016838 3.0413812651491106 3.0000000000000004 3.4365680554879168 5.3535035257296695 2.9427877939124327 5.1000000000000005 4.386342439892262 3.9357337308308855 3.4985711369071804 3.080584360149873 2.6907248094147422 2.343074902771997 2.0591260281974004 1.868154169226941 1.8000000000000007 2.451530134426253 4.884669896727925 1.9646882704388504 4.712748667179271 4.044749683231337 3.551056180912941 3.0594117081556713 2.570992026436488 2.08806130178211 1.6155494421403513 1.1661903789690604 0.7810249675906659 0.6000000000000005 1.4866068747318508 4.589117562233507 1.0295630140987002 4.517742799230607 4.044749683231337 3.5510561809129406 3.059411708155671 2.570992026436488 2.0880613017821097 1.6155494421403511 1.16619037896906 0.7810249675906652 0.5999999999999996 0.6403124237432851 4.50111097397076 0.5099019513592784 4.539823785126467 0.7810249675906652 4.632493928760188 1.2083045973594568 4.775981574503821 1.6763054614240207 4.965883607174054 2.15870331449229 2.647640458974745 3.140063693621516 3.634556369077249 6.087692502089769 4.1303752856126765 6.095900261651268 5.78013840664737 5.491812087098392 5.235456045083369 5.015974481593781 4.838388161361178 4.707440918375927 4.62709412050371 4.6
1 6.6000000000000005 6.618912297349166 6.675327707311455 6.768308503607087 6.896375859826668 7.057619995437556 7.249827584156744 7.470609078247905 7.717512552629896 6.120457499239743 7.580237463298891 5.622277118748239 5.4 5.4230987451825 5.491812087098393 5.604462507680822 5.758472019555188 5.950630218724736 6.177378084592201 6.435060217278468 6.7201190465645775 7.184010022264724 5.1244511901275835 6.801470429252781 4.627094120503711 4.200000000000001 4.229657196511321 4.317406628984582 4.459820624195553 4.651881339845204 4.887739763939975 5.1613951602255765 5.4671747731346585 5.800000000000001 6.435060217278468 4.130375285612677 6.087692502089769 3.63455636907725 3.000000000000001 3.0413812651491106 3.16227766016838 3.354101966249685 3.60555127546399 3.905124837953328 4.242640687119286 4.609772228646444 5.000000000000001 5.762811813689565 3.1400636936215167 5.4644304369257 2.6476404589747458 1.8000000000000007 1.868154169226941 2.0591260281974004 2.343074902771997 2.6907248094147422 3.080584360149873 3.4985711369071804 3.9357337308308855 4.386342439892262 5.197114584074513 2.158703314492291 4.965883607174055 1.6763054614240216 0.6000000000000005 0.7810249675906659 1.1661903789690604 1.6155494421403513 2.08806130178211 2.570992026436488 3.0594117081556713 3.551056180912941 4.044749683231337 4.775981574503821 1.2083045973594577 4.632493928760188 0.7810249675906659 4.539823785126467 0.5099019513592786 4.50111097397076 0.6403124237432846 4.517742799230607 1.0295630140986995 4.589117562233506 4.712748667179271 4.884669896727925 5.1 2.942787793912432 5.353503525729669 3.3999999999999995 3.4365680554879163 3.5440090293338695 3.716180835212409 3.9446165846632035 4.220189569201838 4.534313619501853 4.87954915950234 5.2497618993626745
1 6.675327707311455 6.618912297349166 6.6000000000000005 6.618912297349166 6.675327707311455 6.768308503607087 6.896375859826668 7.057619995437556 7.249827584156744 6.2817195098157645 7.032780389006898 5.797413216254299 5.491812087098393 5.4230987451825 5.4 5.4230987451825 5.491812087098393 5.604462507680822 5.758472019555188 5.950630218724736 6.177378084592201 6.603786792439623 5.316013544000805 6.185466837676846 4.838388161361178 4.317406628984582 4.229657196511321 4.200000000000001 4.229657196511321 4.317406628984582 4.459820624195553 4.651881339845204 4.887739763939975 5.1613951602255765 5.780138406647371 4.365775990588616 5.390732788777423 3.9000000000000004 3.16227766016838 3.0413812651491106 3.000000000000001 3.0413812651491106 3.16227766016838 3.354101966249685 3.60555127546399 3.905124837953328 4.242640687119286 5.020956084253277 3.4438350715445134 4.675467891024384 3.001666203960727 2.0591260281974004 1.868154169226941 1.8000000000000007 1.868154169226941 2.0591260281974004 2.343074902771997 2.6907248094147422 3.080584360149873 3.4985711369071804 4.360045871318328 2.5806975801127883 4.08166632639171 2.1931712199461315 1.1661903789690604 0.7810249675906659 0.6000000000000005 0.7810249675906659 1.1661903789690604 1.6155494421403513 2.08806130178211 2.570992026436488 3.0594117081556713 3.848376280978772 1.8601075237738276 3.6687872655688283 1.6155494421403513 3.551056180912941 1.503329637837291 3.5014282800023193 1.5524174696260022 3.5227829907617076 1.74928556845359 3.6138621999185303 3.7696153649941526 3.982461550347975 4.243819034784589 3.264965543462901 4.545327270945404 3.5440090293338695 3.4365680554879163 3.3999999999999995 3.4365680554879163 3.5440090293338695 3.716180835212409 3.9446165846632035 4.220189569201838 4.534313619501853
1 6.896375859826668 6.768308503607087 6.675327707311455 6.618912297349166 6.6000000000000005 6.618912297349166 6.675327707311455 6.768308503607087 6.896375859826668 6.592419889539804 6.592419889539804 6.132699242584786 5.758472019555188 5.604462507680822 5.491812087098393 5.4230987451825 5.4 5.4230987451825 5.491812087098393 5.604462507680822 5.758472019555188 6.132699242584786 5.679788728465171 5.679788728465171 5.23545604508337 4.651881339845204 4.459820624195553 4.317406628984582 4.229657196511321 4.200000000000001 4.229657196511321 4.317406628984582 4.459820624195553 4.651881339845204 5.23545604508337 4.8020828814171885 4.8020828814171885 4.382921400162226 3.60555127546399 3.354101966249685 3.16227766016838 3.0413812651491106 3.000000000000001 3.0413812651491106 3.16227766016838 3.354101966249685 3.60555127546399 4.382921400162226 3.982461550347976 3.982461550347976 3.606937759374287 2.6907248094147422 2.343074902771997 2.0591260281974004 1.868154169226941 1.8000000000000007 1.868154169226941 2.0591260281974004 2.343074902771997 2.6907248094147422 3.606937759374287 3.264965543462902 3.264965543462902 2.968164415931166 2.08806130178211 1.6155494421403513 1.1661903789690604 0.7810249675906659 0.6000000000000005 0.7810249675906659 1.1661903789690604 1.6155494421403513 2.08806130178211 2.968164415931166 2.7313000567495327 2.7313000567495327 2.570992026436488 2.570992026436488 2.5019992006393608 2.5019992006393608 2.5317977802344322 2.5317977802344322 2.657066051117284 2.657066051117284 2.8653097563788803 3.140063693621516 3.465544690232691 3.828837943815329 3.828837943815329 3.9446165846632035 3.716180835212409 3.5440090293338695 3.4365680554879163 3.3999999999999995 3.4365680554879163 3.5440090293338695 3.716180835212409 3.9446165846632035
1 7.249827584156744 7.057619995437556 6.896375859826668 6.768308503607087 6.675327707311455 6.618912297349166 6.6000000000000005 6.618912297349166 6.675327707311455 7.032780389006898 6.2817195098157645 6.603786792439623 6.177378084592201 5.950630218724736 5.758472019555188 5.604462507680822 5.491812087098393 5.4230987451825 5.4 5.4230987451825 5.491812087098393 5.797413216254299 6.185466837676846 5.316013544000805 5.780138406647371 5.1613951602255765 4.887739763939975 4.651881339845204 4.459820624195553 4.317406628984582 4.229657196511321 4.200000000000001 4.229657196511321 4.317406628984582 4.838388161361178 5.390732788777423 4.365775990588616 5.020956084253277 4.242640687119286 3.905124837953328 3.60555127546399 3.354101966249685 3.16227766016838 3.0413812651491106 3.000000000000001 3.0413812651491106 3.16227766016838 3.9000000000000004 4.675467891024384 3.4438350715445134 4.360045871318328 3.4985711369071804 3.080584360149873 2.6907248094147422 2.343074902771997 2.0591260281974004 1.868154169226941 1.8000000000000007 1.868154169226941 2.0591260281974004 3.001666203960727 4.08166632639171 2.5806975801127883 3.848376280978772 3.0594117081556713 2.570992026436488 2.08806130178211 1.6155494421403513 1.1661903789690604 0.7810249675906659 0.6000000000000005 0.7810249675906659 1.1661903789690604 2.1931712199461315 3.6687872655688283 1.8601075237738276 3.551056180912941 1.6155494421403513 3.5014282800023193 1.503329637837291 3.5227829907617076 1.5524174696260022 3.6138621999185303 1.74928556845359 2.051828452868319 2.4207436873820405 2.830194339616981 4.545327270945404 3.264965543462901 4.534313619501853 4.220189569201838 3.9446165846632035 3.716180835212409 3.5440090293338695 3.4365680554879163 3.3999999999999995 3.4365680554879163 3.5440090293338695
1 7.717512552629896 7.470609078247905 7.249827584156744 7.057619995437556 6.896375859826668 6.768308503607087 6.675327707311455 6.618912297349166 6.6000000000000005 7.580237463298891 6.120457499239743 7.184010022264724 6.7201190465645775 6.435060217278468 6.177378084592201 5.950630218724736 5.758472019555188 5.604462507680822 5.491812087098393 5.4230987451825 5.4 5.622277118748239 6.801470429252781 5.1244511901275835 6.435060217278468 5.800000000000001 5.4671747731346585 5.1613951602255765 4.887739763939975 4.651881339845204 4.459820624195553 4.317406628984582 4.229657196511321 4.200000000000001 4.627094120503711 6.087692502089769 4.130375285612677 5.762811813689565 5.000000000000001 4.609772228646444 4.242640687119286 3.905124837953328 3.60555127546399 3.354101966249685 3.16227766016838 3.0413812651491106 3.000000000000001 3.63455636907725 5.4644304369257 3.1400636936215167 5.197114584074513 4.386342439892262 3.9357337308308855 3.4985711369071804 3.080584360149873 2.6907248094147422 2.343074902771997 2.0591260281974004 1.868154169226941 1.8000000000000007 2.6476404589747458 4.965883607174055 2.158703314492291 4.775981574503821 4.044749683231337 3.551056180912941 3.0594117081556713 2.570992026436488 2.08806130178211 1.6155494421403513 1.1661903789690604 0.7810249675906659 0.6000000000000005 1.6763054614240216 4.632493928760188 1.2083045973594577 4.539823785126467 0.7810249675906659 4.50111097397076 0.5099019513592786 4.517742799230607 0.6403124237432846 4.589117562233506 1.0295630140986995 1.48660687473185 1.9646882704388495 2.451530134426252 5.353503525729669 2.942787793912432 5.2497618993626745 4.87954915950234 4.534313619501853 4.220189569201838 3.9446165846632035 3.716180835212409 3.5440090293338695 3.4365680554879163 3.3999999999999995
1 10.307764064044152 10.124228365658293 9.962429422585638 9.82344135219425 9.7082439194738 9.617692030835672 9.5524865872714 9.513148795220223 9.5 10.062305898749054 9.013878188659973 9.617692030835672 9.213576938409968 9.007774419910836 8.825531145489206 8.668333173107735 8.537564055396599 8.434453153583819 8.360023923410747 8.315046602394963 8.3 8.514693182963201 9.17877987534291 8.0156097709407 8.74642784226795 8.149233092751734 7.9158069708653205 7.707788269017254 7.527283706623526 7.37631344236401 7.256721022610694 7.170076708097341 7.117583859709698 7.1 7.516648189186454 8.32165848854662 7.0178344238090995 7.905694150420948 7.128113354878695 6.860029154456998 6.618912297349165 6.407807737440318 6.229767250869008 6.087692502089769 5.984145720150872 5.921148537234985 5.9 6.519202405202649 7.5 6.020797289396148 7.106335201775948 6.171709649683789 5.860034129593445 5.57584074378026 5.323532661682466 5.107837115648854 4.933558553417604 4.805205510693586 4.72652091923859 4.7 5.522680508593631 6.726812023536855 5.024937810560445 6.363961030678928 5.315072906367325 4.949747468305833 4.6097722286464435 4.301162633521313 4.031128874149275 3.8078865529319543 3.640054944640259 3.5355339059327378 3.5 4.527692569068709 6.020797289396148 4.031128874149275 5.70087712549569 3.5355339059327378 5.408326913195984 3.0413812651491097 5.1478150704935 2.5495097567963922 4.924428900898052 2.0615528128088303 1.5811388300841898 1.118033988749895 0.7071067811865476 4.5 0.5 4.031128874149275 3.5355339059327378 3.0413812651491097 2.5495097567963922 2.0615528128088303 1.5811388300841898 1.118033988749895 0.7071067811865476 0.5
